train1 : 2014-09-17 to 2018-04-23 => EMA12 
test1 : 2018-04-23 to 2019-06-05 =>  2668.719101
Buy & Hold Return : 2118.855315

train2 : 2015-11-29 to 2019-07-05 => ADX
test2 2 : 2019-07-05 to 2020-06-15 => 2072.276005
Buy & Hold Return : 2047.200605

train3 : 2017-09-17 to 2020-09-15 => EMA12
test3 : 2020-09-15 to 2021-11-27 =>  632.671105
Buy & Hold Return : 373.097399

train4 : 2018-04-23 to 2021-11-27 => RSI
test4 : 2021-11-27 to 2023-01-08 => 135.575286
Buy & Hold Return : 127.071064

train5 : 2019-07-5 to 2023-02-08 => EMA12
test5 : 2023-02-08 to 2024-04-27 => 451.08398
Buy & Hold Return : 660.643413
